0.00465
0.00471
0.00477
0.00483
0.00489
0.00494
0.00500
0.00506
0.00512
0.00517
0.00523
0.00528
0.00533
0.00538
0.00544
0.00549
0.00554
0.00558
0.00563
0.00568
0.00572
0.00577
0.00581
0.00585
0.00589
0.00593
0.00597
0.00601
0.00604
0.00608
0.00611
0.00614
0.00617
0.00620
0.00622
0.00625
0.00627
0.00629
0.00632
0.00633
0.00635
0.00637
0.00638
0.00639
0.00640
0.00641
0.00642
0.00643
0.00643
0.00643
0.00643
0.00643
0.00643
0.00643
0.00642
0.00641
0.00640
0.00639
0.00638
0.00637
0.00635
0.00633
0.00632
0.00629
0.00627
0.00625
0.00622
0.00620
0.00617
0.00614
0.00611
0.00608
0.00604
0.00601
0.00597
0.00593
0.00589
0.00585
0.00581
0.00577
0.00572
0.00568
0.00563
0.00558
0.00554
0.00549
0.00544
0.00538
0.00533
0.00528
0.00523
0.00517
0.00512
0.00506
0.00500
0.00494
0.00489
0.00483
0.00477
0.00471
0.00465
0.00459
0.00453
0.00447
0.00440
0.00434
0.00428
0.00422
0.00415
0.00409
0.00403
0.00397
0.00390
0.00384
0.00378
0.00371
0.00365
0.00359
0.00353
0.00346
0.00340
0.00334
0.00328
0.00322
0.00316
0.00310
0.00304
0.00298
0.00292
0.00286
0.00280
0.00274
0.00268
0.00263
0.00257
0.00251
0.00246
0.00240
0.00235
0.00230
0.00224
0.00219
0.00214
0.00209
0.00204
0.00199
0.00194
0.00189
0.00184
0.00180
0.00175
0.00171
0.00166
0.00162
0.00158
0.00153
0.00149
0.00145
0.00141
0.00137
0.00133
0.00130
0.00126
0.00122
0.00119
0.00115
0.00112
0.00108
0.00105
0.00102
0.00099
0.00096
0.00093
0.00090
0.00087
0.00084
0.00082
0.00079
0.00076
0.00074
0.00071
0.00069
0.00067
0.00064
0.00062
0.00060
0.00058
0.00056
0.00054
0.00052
0.00050
0.00048
0.00047
0.00045
0.00043
0.00042
0.00040
0.00039
0.00037
0.00036
0.00034
